x
0 1
1 0 0.294118
2 0 0.083333
3 0 0.1
4 0 0.1
5 0 0.111111
6 0 0.090909
7 0 0.125
8 0 0.24
9 0 0.090909
10 0 0.344828
11 0 0.166667
12 0 0.090909
13 0 0.181818
14 0 0.090909
15 0 0.153846
16 0 0.090909
17 0 0.083333
18 0 0.1
19 0 0.090909
20 0 0.125
21 0 0.115385
22 0 0.153846
23 0 0.125
24 0 0.07692300000000001
25 0 0.083333
26 0 0.1
27 0 0.1
28 0 0.1
29 0 0.090909
30 0 0.090909
31 0 0.083333
32 0 0.090909
33 0 0.090909
34 0 0.318182
35 0 0.07692300000000001
36 0 0.090909
37 0 0.090909
38 0 0.1
39 0 0.1
40 0 0.07692300000000001
41 0 0.142857
42 0 0.1
43 0 0.105263
44 0 0.166667
45 0 0.111111
46 0 0.153846
47 0 0.1
48 0 0.142857
49 0 0.166667
50 0 0.142857
51 0 0.2
52 0 0.111111
53 0 0.3
54 0 0.153846
55 0 0.136364
56 0 0.166667
57 0 0.2
58 0 0.090909
59 0 0.166667
60 0 0.090909
61 0 0.333333
62 0 0.423077
63 0 0.321429
64 0 0.285714
65 0 0.285714
66 0 0.142857
67 0 0.1
68 0 0.1
69 0 0.083333
70 0 0.1
71 0 0.117647
72 0 0.117647
73 0 0.083333
74 0 0.344828
75 0 0.153846
76 0 0.894737
77 0 0.277778
78 0 0.2
79 0 0.176471
80 0 0.105263
81 0 0.181818
82 0 0.24
83 0 0.111111
84 0 0.125
85 0 0.3
86 0 0.285714
87 0 0.277778
88 0 0.333333
89 0 0.285714
90 0 0.153846
91 0 0.1
92 0 0.2
93 0 0.1
94 0 0.1
95 0 0.090909
96 0 0.1
97 0 0.083333
98 0 0.1
99 0 0.07692300000000001
100 0 0.142857
101 0 0.117647
102 0 0.090909
103 0 0.083333
104 0 0.1
105 0 0.272727
106 0 0.181818
107 0 0.1
108 0 0.230769
109 0 0.25
110 0 0.090909
111 0 0.166667
112 0 0.117647
113 0 0.1
114 0 0.066667
115 0 0.344828
116 0 0.461538
117 0 0.166667
118 0 0.285714
119 0 0.25
120 0 0.181818
121 0 0.294118
122 0 0.090909
123 0 0.111111
124 0 0.666667
125 0 0.181818
126 0 0.1
127 0 0.461538
128 0 0.117647
129 0 0.111111
130 0 0.105263
131 0 0.090909
132 0 0.133333
133 0 0.090909
134 0 0.1
135 0 0.1
136 0 0.1
137 0 0.133333
138 0 0.090909
139 0 0.107143
140 0 0.1
141 0 0.07142900000000001
142 0 0.090909
143 0 0.142857
144 0 0.176471
145 0 0.083333
146 0 0.181818
147 0 0.083333
148 0 0.157895
149 0 0.083333
150 0 0.1
151 0 0.1
152 0 0.153846
153 0 0.090909
154 0 0.1
155 0 0.117647
156 0 0.090909
157 0 0.142857
158 0 0.538462
159 0 0.133333
160 0 0.272727
161 0 0.136364
162 0 0.083333
163 0 0.090909
164 0 0.25
